CREATE DATABASE student_db;
USE student_db;
CREATE TABLE Student_list(roll_no integer PRIMARY KEY,
                          title varchar(64) NOT NULL,
                          eng bool DEFAULT true,
                          math bool DEFAULT true,
                          phy bool DEFAULT true,
                          chem bool DEFAULT true,
                          cs bool DEFAULT false,
                          pe bool DEFAULT false);
INSERT into Student_list values 
(1,'Aayush Pandey',1,1,1,1,1,0),
(2,'Aayush Tiwari',1,1,1,1,0,1),
(3,'Abdur Rehman Shaikh',1,1,1,1,1,0),
(4,'Aditi Gaikwad',1,1,1,1,0,1),
(5,'Aman Rakesh Singh' ,1,1,1,1,0,1),
(6,'Aniket Madhav Chavan',1,1,1,1,0,1),
(7,'Aryan Sunil Waghachaware',1,1,1,1,0,1),
(8,'Chinmayee Rane',1,1,1,1,0,1),
(9,'Harsh Amrendra Tiwari',1,1,1,1,0,1),
(10,'Jatin Verma',1,1,1,1,1,0),
(11,'Kartik Kakade',1,1,1,1,0,1),
(12,'Khuss Thakrani',1,1,1,1,0,1),
(13,'Kushal Bhatt',1,1,1,1,1,0),
(14,'Madankumar Rajendran Reddy',1,1,1,1,1,0),
(15,'Manya Sahai',1,1,1,1,0,1),
(16,'Mayank Sahai',1,1,1,1,1,0),
(17,'Monika Saran',1,1,1,1,0,1),
(18,'Nandini Jain',1,1,1,1,0,1),
(19,'Prakhar Rakesh Sinha',1,1,1,1,0,1),
(20,'Prince Amruther',1,1,1,1,1,0),
(21,'Prince Sharma',1,1,1,1,0,1),
(22,'Raj Atmaram Jadhav',1,1,1,1,0,1),
(23,'Raj Vaishnaw',1,1,1,1,0,1),
(24,'Ritesh Deshmukh',1,1,1,1,0,1),
(25,'Sahil Patil',1,1,1,1,0,1),
(26,'Sankalp Sathe',1,1,1,1,1,0),
(27,'Shruti Gupta',1,1,1,1,0,1),
(28,'Shubham Singh Bishen',1,1,1,1,0,1),
(29,'Siddhesh Shrikrishna Nighot',1,1,1,1,0,1),
(30,'Sunny',1,1,1,1,0,1),
(31,'Tejwill Bapu Vidyagar',1,1,1,1,0,1),
(32,'Vaibhav Bothe' ,1,1,1,1,0,1),
(33,'Saurav Singh Shekhawat' ,1,1,1,1,0,1),
(34,'Shikhar Mukherjee' ,1,1,1,1,1,0),
(35,'Shivam Padwal' ,1,1,1,1,1,0),
(36,'Snikita Sharad Pente' ,1,1,1,1,1,0),
(37,'Sourav Roychoudhury' ,1,1,1,1,0,1),
(38,'Sreebashyam Yashmith' ,1,1,1,1,0,1),
(39,'Srushti Nandanwar' ,1,1,1,1,0,1),
(40,'Suyash Shirish Gahankari' ,1,1,1,1,1,0),
(41,'Syed Sirajuddin Peerzade' ,1,1,1,1,0,1),
(42,'Tanish Bhushan Chaudhari' ,1,1,1,1,1,0),
(43,'Tanya Das' ,1,1,1,1,0,1),
(44,'Tulsi Jadhav' ,1,1,1,1,0,1),
(45,'Uday Bhavesh Sudani' ,1,1,1,1,1,0),
(46,'Utsav Johri' ,1,1,1,1,0,1),
(47,'Vaishnavi Sharma' ,1,1,1,1,0,1),
(48,'Yashovardhan Harit' ,1,1,1,1,1,0),
(49,'Sartaj Singh',1,1,1,1,0,1),
(999,'Maximum Marks',1,1,1,1,1,1);

CREATE TABLE Eng(roll_no int,
                     FOREIGN KEY (roll_no) REFERENCES Student_list(roll_no),
                     sem_1_exam int DEFAULT 0,
                     sem_1_internal int DEFAULT 0,
                     sem_1_final int DEFAULT 0,
                     sem_2_exam int DEFAULT 0,
                     sem_2_internal int DEFAULT 0,
                     sem_2_final int DEFAULT 0,
                     total double(4,1) DEFAULT 0,
                     pass bool DEFAULT 0);
INSERT into Eng values 
(1,58,17,75,0,8,8,41.5,1),
(2,51,16,67,43,18,61,64,1),
(3,69,15,84,71,20,91,87.5,1),
(4,53,13,66,56,18,74,70,1),
(5,0,0,0,0,8,8,4,0),
(6,40,12,52,59,18,77,64.5,1),
(7,53,13,66,54,20,74,70,1),
(8,63,15,78,43,18,61,69.5,1),
(9,68,15,83,57,20,77,80,1),
(10,60,16,76,58,18,76,76,1),
(11,51,16,67,44,20,64,65.5,1),
(12,64,15,79,61,18,79,79,1),
(13,53,12,65,46,14,60,62.5,1),
(14,61,13,74,53,12,65,69.5,1),
(15,70,15,85,71,20,91,88,1),
(16,66,15,81,64,20,84,82.5,1),
(17,61,16,77,65,14,79,78,1),
(18,63,14,77,67,16,83,80,1),
(19,54,18,72,45,18,63,67.5,1),
(20,72,18,90,66,20,86,88,1),
(21,71,18,89,69,20,89,89,1),
(22,62,20,82,63,20,83,82.5,1),
(23,54,13,67,59,20,79,73,1),
(24,64,15,79,61,20,81,80,1),
(25,48,12,60,45,16,61,60.5,1),
(26,63,15,78,62,12,74,76,1),
(27,58,20,78,62,20,82,80,1),
(28,54,18,72,42,8,50,61,1),
(29,63,18,81,57,16,73,77,1),
(30,73,12,85,74,20,94,89.5,1),
(31,47,13,60,45,16,61,60.5,1),
(32,71,15,86,62,20,82,84,1),
(33,63,15,78,45,18,63,70.5,1),
(34,73,18,91,70,20,90,90.5,1),
(35,40,15,55,39,12,51,53,1),
(36,73,15,88,71,18,89,88.5,1),
(37,75,17,92,73,20,93,92.5,1),
(38,73,14,87,60,14,74,80.5,1),
(39,66,18,84,69,18,87,85.5,1),
(40,71,16,87,65,20,85,86,1),
(41,56,14,70,59,20,79,74.5,1),
(42,77,13,90,72,20,92,91,1),
(43,70,16,86,69,20,89,87.5,1),
(44,68,13,81,66,18,84,82.5,1),
(45,70,15,85,65,20,85,85,1),
(46,64,17,81,61,14,75,78,1),
(47,75,13,88,73,20,93,90.5,1),
(48,75,18,93,68,20,88,90.5,1),
(49,60,15,75,64,8,72,73.5,1),
(999,80,20,100,80,20,100,100,1);

CREATE TABLE Math(roll_no int,
                  FOREIGN KEY (roll_no) REFERENCES Student_list(roll_no),
                  sem_1_exam int DEFAULT 0,
                  sem_1_internal int DEFAULT 0,
                  sem_1_final int DEFAULT 0,
                  sem_2_exam int DEFAULT 0,
                  sem_2_internal int DEFAULT 0,
                  sem_2_final int DEFAULT 0,
                  total double(4,1) DEFAULT 0,
                  pass bool DEFAULT 0);
INSERT into Math values
(1,0,13,13,46,18,64,38.5,1),
(2,49,13,62,49,19,68,65,1),
(3,67,20,87,52,19,71,79,1),
(4,66,12,78,54,19,73,75.5,1),
(5,0,0,0,23,11,34,17,0),
(6,57,12,69,43,17,60,64.5,1),
(7,54,7,61,39,17,56,58.5,1),
(8,63,14,77,47,17,64,70.5,1),
(9,68,18,86,31,18,49,67.5,1),
(10,65,12,77,57,19,76,76.5,1),
(11,51,18,69,30,16,46,57.5,1),
(12,75,12,87,48,19,67,77,1),
(13,55,13,68,43,18,61,64.5,1),
(14,76,18,94,57,20,77,85.5,1),
(15,77,20,97,66,19,85,91,1),
(16,77,18,95,66,19,85,90,1),
(17,64,12,76,55,19,74,75,1),
(18,37,10,47,39,17,56,51.5,1),
(19,67,14,81,38,19,57,69,1),
(20,48,16,64,34,17,51,57.5,1),
(21,66,20,86,51,19,70,78,1),
(22,61,20,81,42,19,61,71,1),
(23,59,0,59,39,18,57,58,1),
(24,66,16,82,32,19,51,66.5,1),
(25,51,9,60,31,17,48,54,1),
(26,73,16,89,73,19,92,90.5,1),
(27,61,16,77,52,18,70,73.5,1),
(28,55,13,68,35,17,52,60,1),
(29,63,13,76,46,18,64,70,1),
(30,75,18,93,78,20,98,95.5,1),
(31,33,10,43,17,16,33,38,1),
(32,58,17,75,44,17,61,68,1),
(33,58,14,72,54,18,72,72,1),
(34,74,15,89,71,20,91,90,1),
(35,43,12,55,16,16,32,43.5,1),
(36,71,18,89,77,20,97,93,1),
(37,77,20,97,55,20,75,86,1),
(38,70,16,86,58,20,78,82,1),
(39,62,16,78,35,19,54,66,1),
(40,80,19,99,80,20,100,99.5,1),
(41,42,14,56,49,18,67,61.5,1),
(42,76,18,94,67,20,87,90.5,1),
(43,58,14,72,48,18,66,69,1),
(44,72,17,89,56,20,76,82.5,1),
(45,67,17,84,56,19,75,79.5,1),
(46,73,17,90,52,19,71,80.5,1),
(47,69,17,86,64,19,83,84.5,1),
(48,69,19,88,59,19,78,83,1),
(49,64,16,80,64,19,83,81.5,1),
(999,80,20,100,80,20,100,100,1);

CREATE TABLE Phy(roll_no int,
                     FOREIGN KEY (roll_no) REFERENCES Student_list(roll_no),
                     sem_1_exam int DEFAULT 0,
                     sem_1_practical int DEFAULT 0,
                     sem_1_final int DEFAULT 0,
                     sem_2_exam int DEFAULT 0,
                     sem_2_practical int DEFAULT 0,
                     sem_2_final int DEFAULT 0,
                     total double(4,1) DEFAULT 0,
                     pass bool DEFAULT 0);
INSERT into Phy values 
(1,47,14,61,41,23,64,62.5,1),
(2,53,9,62,58,23,81,71.5,1),
(3,48,23,71,70,29,99,85,1),
(4,62,21,83,51,22,73,78,1),
(5,0,0,0,50,0,50,25,0),
(6,41,13,54,54,18,72,63,1),
(7,48,17,65,49,17,66,65.5,1),
(8,48,23,71,40,15,55,63,1),
(9,50,20,70,44,25,69,69.5,1),
(10,56,18,74,59,22,81,77.5,1),
(11,47,23,70,47,26,73,71.5,1),
(12,59,18,77,50,21,71,74,1),
(13,0,17,17,50,19,69,43,1),
(14,50,12,62,48,23,71,66.5,1),
(15,59,20,79,54,23,77,78,1),
(16,62,20,82,60,22,82,82,1),
(17,56,17,73,63,20,83,78,1),
(18,31,16,47,53,16,69,58,1),
(19,40,14,54,41,23,64,59,1),
(20,57,21,78,62,22,84,81,1),
(21,58,0,58,53,26,79,68.5,1),
(22,49,25,74,56,29,85,79.5,1),
(23,51,23,74,59,28,87,80.5,1),
(24,55,11,66,56,20,76,71,1),
(25,32,20,52,41,19,60,56,1),
(26,63,20,83,63,21,84,83.5,1),
(27,60,17,77,62,21,83,80,1),
(28,50,17,67,52,21,73,70,1),
(29,41,23,64,54,24,78,71,1),
(30,63,28,91,70,27,97,94,1),
(31,22,18,40,38,20,58,49,1),
(32,47,21,68,55,29,84,76,1),
(33,51,21,72,49,20,69,70.5,1),
(34,60,24,84,67,23,90,87,1),
(35,39,22,61,34,20,54,57.5,1),
(36,61,26,87,63,27,90,88.5,1),
(37,66,26,92,61,28,89,90.5,1),
(38,59,23,82,58,26,84,83,1),
(39,62,22,84,54,21,75,79.5,1),
(40,67,28,95,62,27,89,92,1),
(41,45,15,60,55,22,77,68.5,1),
(42,64,27,91,65,29,94,92.5,1),
(43,56,18,74,63,24,87,80.5,1),
(44,51,21,72,63,22,85,78.5,1),
(45,63,25,88,55,28,83,85.5,1),
(46,66,22,88,58,25,83,85.5,1),
(47,62,24,86,53,28,81,83.5,1),
(48,63,26,89,56,28,84,86.5,1),
(49,66,28,94,56,27,83,88.5,1),
(999,70,30,100,70,30,100,100,1);

CREATE TABLE Chem(roll_no int,
                     FOREIGN KEY (roll_no) REFERENCES Student_list(roll_no),
                     sem_1_exam int DEFAULT 0,
                     sem_1_practical int DEFAULT 0,
                     sem_1_final int DEFAULT 0,
                     sem_2_exam int DEFAULT 0,
                     sem_2_practical int DEFAULT 0,
                     sem_2_final int DEFAULT 0,
                     total double(4,1) DEFAULT 0,
                     pass bool DEFAULT 0);
INSERT into Chem values
(1,39,24,63,54,21,75,69,1),
(2,51,20,71,56,16,72,71.5,1),
(3,64,30,94,59,27,86,90,1),
(4,56,23,79,55,23,78,78.5,1),
(5,0,0,0,39,0,39,19.5,0),
(6,41,17,58,51,12,63,60.5,1),
(7,48,19,67,43,21,64,65.5,1),
(8,51,18,69,30,19,49,59,1),
(9,58,21,79,51,21,72,75.5,1),
(10,57,21,78,60,15,75,76.5,1),
(11,50,22,72,45,22,67,69.5,1),
(12,57,25,82,62,18,80,81,1),
(13,39,18,57,54,14,68,62.5,1),
(14,41,18,59,43,20,63,61,1),
(15,62,27,89,61,25,86,87.5,1),
(16,63,28,91,60,25,85,88,1),
(17,54,20,74,60,16,76,75,1),
(18,24,17,41,55,19,74,57.5,1),
(19,37,19,56,40,19,59,57.5,1),
(20,62,25,87,62,19,81,84,1),
(21,58,0,58,56,23,79,68.5,1),
(22,53,22,75,47,24,71,73,1),
(23,53,20,73,53,0,53,63,1),
(24,48,21,69,50,17,67,68,1),
(25,31,17,48,45,18,63,55.5,1),
(26,66,21,87,58,22,80,83.5,1),
(27,55,19,74,54,20,74,74,1),
(28,53,0,53,53,23,76,64.5,1),
(29,55,15,70,53,20,73,71.5,1),
(30,64,28,92,65,26,91,91.5,1),
(31,8,17,25,20,19,39,32,0),
(32,54,22,76,48,21,69,72.5,1),
(33,49,21,70,49,15,64,67,1),
(34,69,26,95,67,24,91,93,1),
(35,32,20,52,23,21,44,48,1),
(36,67,24,91,60,24,84,87.5,1),
(37,59,26,85,63,22,85,85,1),
(38,61,26,87,48,22,70,78.5,1),
(39,50,25,75,33,24,57,66,1),
(40,69,27,96,67,24,91,93.5,1),
(41,29,16,45,52,22,74,59.5,1),
(42,69,24,93,64,22,86,89.5,1),
(43,61,24,85,61,16,77,81,1),
(44,49,26,75,64,27,91,83,1),
(45,60,23,83,56,23,79,81,1),
(46,56,25,81,58,25,83,82,1),
(47,68,30,98,60,29,89,93.5,1),
(48,62,25,87,62,22,84,85.5,1),
(49,60,26,86,58,22,80,83,1),
(999,70,30,100,70,30,100,100,1);

CREATE TABLE CS(roll_no int,
                     FOREIGN KEY (roll_no) REFERENCES Student_list(roll_no),
                     sem_1_exam int DEFAULT 0,
                     sem_1_practical int DEFAULT 0,
                     sem_1_final int DEFAULT 0,
                     sem_2_exam int DEFAULT 0,
                     sem_2_practical int DEFAULT 0,
                     sem_2_final int DEFAULT 0,
                     total double(4,1) DEFAULT 0,
                     pass bool DEFAULT 0);
INSERT into CS values
(1,55,21,76,31,21,52,64,1),
(2,null,null,null,null,null,null,null,0),
(3,62,28,90,64,28,92,91,1),
(4,null,null,null,null,null,null,null,0),
(5,null,null,null,null,null,null,null,0),
(6,null,null,null,null,null,null,null,0),
(7,null,null,null,null,null,null,null,0),
(8,null,null,null,null,null,null,null,0),
(9,-1,null,null,null,null,null,null,0),
(10,48,22,70,55,23,78,74,1),
(11,null,null,null,null,null,null,null,0),
(12,null,null,null,null,null,null,null,0),
(13,44,24,68,52,25,77,72.5,1),
(14,56,23,79,42,25,67,73,1),
(15,null,null,null,null,null,null,null,0),
(16,60,29,89,60,29,89,89,1),
(17,null,null,null,null,null,null,null,0),
(18,null,null,null,null,null,null,null,0),
(19,null,null,null,null,null,null,null,0),
(20,62,0,62,60,24,84,73,1),
(21,null,null,null,null,null,null,null,0),
(22,null,null,null,null,null,null,null,0),
(23,null,null,null,null,null,null,null,0),
(24,null,null,null,null,null,null,null,0),
(25,null,null,null,null,null,null,null,0),
(26,60,23,83,53,30,83,83,1),
(27,null,null,null,null,null,null,null,0),
(28,null,null,null,null,null,null,null,0),
(29,null,null,null,null,null,null,null,0),
(30,null,null,null,null,null,null,null,0),
(31,null,null,null,null,null,null,null,0),
(32,null,null,null,null,null,null,null,0),
(33,null,null,null,null,null,null,null,0),
(34,63,25,88,57,23,80,84,1),
(35,35,11,46,27,19,46,46,1),
(36,67,28,95,66,29,95,95,1),
(37,null,null,null,null,null,null,null,0),
(38,null,null,null,null,null,null,null,0),
(39,null,null,null,null,null,null,null,0),
(40,68,30,98,64,29,93,95.5,1),
(41,null,null,null,null,null,null,null,0),
(42,69,30,99,69,30,99,99,1),
(43,null,null,null,null,null,null,null,0),
(44,null,null,null,null,null,null,null,0),
(45,63,29,92,65,30,95,93.5,1),
(46,null,null,null,null,null,null,null,0),
(47,null,null,null,null,null,null,null,0),
(48,62,29,91,65,30,95,93,1),
(49,null,null,null,null,null,null,null,0),
(999,70,30,100,70,30,100,100,1);


CREATE TABLE PE(roll_no int,
                     FOREIGN KEY (roll_no) REFERENCES Student_list(roll_no),
                     sem_1_exam int DEFAULT 0,
                     sem_1_practical int DEFAULT 0,
                     sem_1_final int DEFAULT 0,
                     sem_2_exam int DEFAULT 0,
                     sem_2_practical int DEFAULT 0,
                     sem_2_final int DEFAULT 0,
                     total double(4,1) DEFAULT 0,
                     pass bool DEFAULT 0);
INSERT into PE values
(1,null,null,null,null,null,null,null,0),
(2,60,23,83,59,24,83,83,1),
(3,null,null,null,null,null,null,null,0),
(4,65,24,89,55,21,76,82.5,1),
(5,0,0,0,40,0,40,20,0),
(6,45,20,65,45,22,67,66,1),
(7,53,25,78,52,22,74,76,1),
(8,47,11,58,34,16,50,54,1),
(9,38,24,62,34,23,57,59.5,1),
(10,null,null,null,null,null,null,null,0),
(11,43,24,67,41,20,61,64,1),
(12,66,24,90,58,24,82,86,1),
(13,null,null,null,null,null,null,null,0),
(14,null,null,null,null,null,null,null,0),
(15,67,28,95,53,26,79,87,1),
(16,null,null,null,null,null,null,null,0),
(17,58,21,79,68,20,88,83.5,1),
(18,58,16,74,48,23,71,72.5,1),
(19,54,21,75,42,23,65,70,1),
(20,null,null,null,null,null,null,null,0),
(21,64,23,87,61,25,86,86.5,1),
(22,53,24,77,52,25,77,77,1),
(23,59,22,81,29,24,53,67,1),
(24,52,22,74,46,22,68,71,1),
(25,45,15,60,34,8,42,51,1),
(26,null,null,null,null,null,null,null,0),
(27,59,20,79,56,21,77,78,1),
(28,48,20,68,37,23,60,64,1),
(29,67,20,87,56,23,79,83,1),
(30,69,24,93,69,29,98,95.5,1),
(31,37,18,55,36,0,36,45.5,1),
(32,52,25,77,57,25,82,79.5,1),
(33,48,25,73,38,23,61,67,1),
(34,null,null,null,null,null,null,null,0),
(35,null,null,null,null,null,null,null,0),
(36,null,null,null,null,null,null,null,0),
(37,60,22,82,62,23,85,83.5,1),
(38,65,22,87,60,24,84,85.5,1),
(39,54,22,76,51,18,69,72.5,1),
(40,null,null,null,null,null,null,null,0),
(41,37,21,58,40,24,64,61,1),
(42,null,null,0,null,null,0,0,0),
(43,56,25,81,60,21,81,81,1),
(44,62,22,84,56,23,79,81.5,1),
(45,null,null,null,null,null,null,null,0),
(46,53,24,77,57,23,80,78.5,1),
(47,67,20,87,65,23,88,87.5,1),
(48,null,null,null,null,null,null,null,0),
(49,65,28,93,56,26,82,87.5,1),
(999,70,30,100,70,30,100,100,1);
